3.800000000000000000e+02 3.453190000000000052e-05
3.810000000000000000e+02 -2.419999999999999842e-03
3.820000000000000000e+02 -4.120000000000000398e-03
3.830000000000000000e+02 -5.190000000000000169e-03
3.840000000000000000e+02 -5.910000000000000323e-03
3.850000000000000000e+02 -6.939999999999999988e-03
3.860000000000000000e+02 -8.300000000000000086e-03
3.870000000000000000e+02 -8.659999999999999296e-03
3.880000000000000000e+02 -8.170000000000000179e-03
3.890000000000000000e+02 -7.820000000000000562e-03
3.900000000000000000e+02 -7.420000000000000380e-03
3.910000000000000000e+02 -8.049999999999999864e-03
3.920000000000000000e+02 -6.440000000000000412e-03
3.930000000000000000e+02 -4.369999999999999753e-03
3.940000000000000000e+02 -3.889999999999999795e-03
3.950000000000000000e+02 -4.470000000000000015e-03
3.960000000000000000e+02 -8.139999999999999666e-03
3.970000000000000000e+02 -5.950000000000000427e-03
3.980000000000000000e+02 -4.819999999999999632e-03
3.990000000000000000e+02 -4.810000000000000039e-03
4.000000000000000000e+02 -5.389999999999999826e-03
4.010000000000000000e+02 -4.340000000000000108e-03
4.020000000000000000e+02 -4.309999999999999595e-03
4.030000000000000000e+02 -3.579999999999999849e-03
4.040000000000000000e+02 -3.810000000000000019e-03
4.050000000000000000e+02 -3.030000000000000141e-03
4.060000000000000000e+02 -1.619999999999999912e-03
4.070000000000000000e+02 -2.729999999999999788e-03
4.080000000000000000e+02 -4.780000000000000394e-03
4.090000000000000000e+02 -7.669999999999999735e-03
4.100000000000000000e+02 -8.980000000000000135e-03
4.110000000000000000e+02 -8.980000000000000135e-03
4.120000000000000000e+02 -6.429999999999999952e-03
4.130000000000000000e+02 -5.190000000000000169e-03
4.140000000000000000e+02 -4.570000000000000277e-03
4.150000000000000000e+02 -6.530000000000000214e-03
4.160000000000000000e+02 -7.470000000000000077e-03
4.170000000000000000e+02 -6.559999999999999859e-03
4.180000000000000000e+02 -6.380000000000000254e-03
4.190000000000000000e+02 -4.890000000000000249e-03
4.200000000000000000e+02 -2.969999999999999984e-03
4.210000000000000000e+02 -1.379999999999999933e-03
4.220000000000000000e+02 -2.480000000000000000e-03
4.230000000000000000e+02 -4.429999999999999910e-03
4.240000000000000000e+02 -6.930000000000000396e-03
4.250000000000000000e+02 -7.089999999999999948e-03
4.260000000000000000e+02 -3.629999999999999980e-03
4.270000000000000000e+02 -1.399999999999999986e-03
4.280000000000000000e+02 -7.939909999999999676e-04
4.290000000000000000e+02 -3.021360000000000156e-05
4.300000000000000000e+02 1.479999999999999979e-03
4.310000000000000000e+02 -9.339689999999999884e-04
4.320000000000000000e+02 -4.279999999999999950e-03
4.330000000000000000e+02 -8.089999999999999969e-03
4.340000000000000000e+02 -7.979999999999999247e-03
4.350000000000000000e+02 -4.020000000000000136e-03
4.360000000000000000e+02 -9.064550000000000211e-04
4.370000000000000000e+02 1.059999999999999961e-03
4.380000000000000000e+02 4.329999999999999648e-03
4.390000000000000000e+02 2.069999999999999792e-03
4.400000000000000000e+02 -1.319999999999999993e-03
4.410000000000000000e+02 -2.710000000000000169e-03
4.420000000000000000e+02 -1.760000000000000063e-03
4.430000000000000000e+02 -6.514659999999999592e-04
4.440000000000000000e+02 -2.650000000000000012e-03
4.450000000000000000e+02 -4.499999999999999660e-03
4.460000000000000000e+02 -3.239999999999999825e-03
4.470000000000000000e+02 -1.990000000000000015e-03
4.480000000000000000e+02 -5.375360000000000251e-04
4.490000000000000000e+02 1.190000000000000085e-03
4.500000000000000000e+02 2.200000000000000133e-03
4.510000000000000000e+02 1.420000000000000038e-03
4.520000000000000000e+02 8.828970000000000004e-04
4.530000000000000000e+02 -8.732500000000000028e-04
4.540000000000000000e+02 -2.249999999999999830e-03
4.550000000000000000e+02 -2.480000000000000000e-03
4.560000000000000000e+02 -1.539999999999999919e-03
4.570000000000000000e+02 -1.360000000000000098e-03
4.580000000000000000e+02 -4.239999999999999845e-03
4.590000000000000000e+02 -4.479999999999999608e-03
4.600000000000000000e+02 -1.539999999999999919e-03
4.610000000000000000e+02 2.569999999999999802e-03
4.620000000000000000e+02 4.830000000000000092e-03
4.630000000000000000e+02 4.259999999999999898e-03
4.640000000000000000e+02 2.370000000000000145e-03
4.650000000000000000e+02 1.080000000000000014e-03
4.660000000000000000e+02 2.540000000000000157e-03
4.670000000000000000e+02 3.919999999999999873e-03
4.680000000000000000e+02 4.170000000000000095e-03
4.690000000000000000e+02 2.500000000000000052e-03
4.700000000000000000e+02 2.104789999999999884e-04
4.710000000000000000e+02 -6.782480000000000019e-04
4.720000000000000000e+02 -4.939109999999999811e-04
4.730000000000000000e+02 1.389999999999999960e-03
4.740000000000000000e+02 3.079999999999999839e-03
4.750000000000000000e+02 3.910000000000000281e-03
4.760000000000000000e+02 3.690000000000000138e-03
4.770000000000000000e+02 4.139999999999999583e-03
4.780000000000000000e+02 3.480000000000000020e-03
4.790000000000000000e+02 4.559999999999999817e-03
4.800000000000000000e+02 2.370000000000000145e-03
4.810000000000000000e+02 1.629999999999999939e-03
4.820000000000000000e+02 1.949999999999999910e-03
4.830000000000000000e+02 3.089999999999999865e-03
4.840000000000000000e+02 4.159999999999999636e-03
4.850000000000000000e+02 4.369999999999999753e-03
4.860000000000000000e+02 3.739999999999999835e-03
4.870000000000000000e+02 3.569999999999999823e-03
4.880000000000000000e+02 3.059999999999999786e-03
4.890000000000000000e+02 2.490000000000000026e-03
4.900000000000000000e+02 1.469999999999999953e-03
4.910000000000000000e+02 1.110000000000000092e-03
4.920000000000000000e+02 1.469999999999999953e-03
4.930000000000000000e+02 2.069999999999999792e-03
4.940000000000000000e+02 2.370000000000000145e-03
4.950000000000000000e+02 1.969999999999999963e-03
4.960000000000000000e+02 1.729999999999999984e-03
4.970000000000000000e+02 2.320000000000000014e-03
4.980000000000000000e+02 2.860000000000000129e-03
4.990000000000000000e+02 3.040000000000000167e-03
5.000000000000000000e+02 2.779999999999999919e-03
5.010000000000000000e+02 2.419999999999999842e-03
5.020000000000000000e+02 2.670000000000000064e-03
5.030000000000000000e+02 2.759999999999999867e-03
5.040000000000000000e+02 2.560000000000000209e-03
5.050000000000000000e+02 2.030000000000000120e-03
5.060000000000000000e+02 2.279999999999999909e-03
5.070000000000000000e+02 2.639999999999999986e-03
5.080000000000000000e+02 2.870000000000000155e-03
5.090000000000000000e+02 2.949999999999999931e-03
5.100000000000000000e+02 2.840000000000000076e-03
5.110000000000000000e+02 2.880000000000000181e-03
5.120000000000000000e+02 3.380000000000000192e-03
5.130000000000000000e+02 3.459999999999999968e-03
5.140000000000000000e+02 2.520000000000000104e-03
5.150000000000000000e+02 2.210000000000000159e-03
5.160000000000000000e+02 2.399999999999999790e-03
5.170000000000000000e+02 2.200000000000000133e-03
5.180000000000000000e+02 1.389999999999999960e-03
5.190000000000000000e+02 7.295840000000000268e-04
5.200000000000000000e+02 8.771859999999999597e-04
5.210000000000000000e+02 1.969999999999999963e-03
5.220000000000000000e+02 2.409999999999999816e-03
5.230000000000000000e+02 1.750000000000000036e-03
5.240000000000000000e+02 1.369999999999999907e-03
5.250000000000000000e+02 1.660000000000000017e-03
5.260000000000000000e+02 2.350000000000000092e-03
5.270000000000000000e+02 2.200000000000000133e-03
5.280000000000000000e+02 2.370000000000000145e-03
5.290000000000000000e+02 3.099999999999999891e-03
5.300000000000000000e+02 3.939999999999999926e-03
5.310000000000000000e+02 4.060000000000000241e-03
5.320000000000000000e+02 4.389999999999999805e-03
5.330000000000000000e+02 4.429999999999999910e-03
5.340000000000000000e+02 5.510000000000000141e-03
5.350000000000000000e+02 6.610000000000000424e-03
5.360000000000000000e+02 7.470000000000000077e-03
5.370000000000000000e+02 8.380000000000000296e-03
5.380000000000000000e+02 1.008000000000000042e-02
5.390000000000000000e+02 1.132000000000000020e-02
5.400000000000000000e+02 1.205999999999999954e-02
5.410000000000000000e+02 1.382000000000000069e-02
5.420000000000000000e+02 1.603999999999999870e-02
5.430000000000000000e+02 1.717000000000000123e-02
5.440000000000000000e+02 1.927999999999999853e-02
5.450000000000000000e+02 2.259999999999999856e-02
5.460000000000000000e+02 2.630000000000000046e-02
5.470000000000000000e+02 3.051999999999999852e-02
5.480000000000000000e+02 3.429000000000000103e-02
5.490000000000000000e+02 3.898000000000000076e-02
5.500000000000000000e+02 4.397000000000000214e-02
5.510000000000000000e+02 5.022999999999999687e-02
5.520000000000000000e+02 5.609999999999999709e-02
5.530000000000000000e+02 6.214000000000000079e-02
5.540000000000000000e+02 6.966999999999999582e-02
5.550000000000000000e+02 7.754999999999999394e-02
5.560000000000000000e+02 8.651999999999999968e-02
5.570000000000000000e+02 9.690000000000000002e-02
5.580000000000000000e+02 1.084500000000000047e-01
5.590000000000000000e+02 1.181600000000000011e-01
5.600000000000000000e+02 1.309400000000000008e-01
5.610000000000000000e+02 1.453699999999999992e-01
5.620000000000000000e+02 1.580799999999999983e-01
5.630000000000000000e+02 1.733800000000000063e-01
5.640000000000000000e+02 1.905799999999999994e-01
5.650000000000000000e+02 2.084399999999999864e-01
5.660000000000000000e+02 2.257399999999999962e-01
5.670000000000000000e+02 2.428899999999999948e-01
5.680000000000000000e+02 2.619799999999999907e-01
5.690000000000000000e+02 2.838999999999999857e-01
5.700000000000000000e+02 3.067799999999999971e-01
5.710000000000000000e+02 3.286200000000000232e-01
5.720000000000000000e+02 3.503899999999999793e-01
5.730000000000000000e+02 3.745399999999999840e-01
5.740000000000000000e+02 3.985000000000000209e-01
5.750000000000000000e+02 4.253399999999999959e-01
5.760000000000000000e+02 4.518199999999999994e-01
5.770000000000000000e+02 4.766099999999999781e-01
5.780000000000000000e+02 5.012100000000000444e-01
5.790000000000000000e+02 5.266399999999999970e-01
5.800000000000000000e+02 5.517699999999999827e-01
5.810000000000000000e+02 5.779499999999999638e-01
5.820000000000000000e+02 6.055000000000000382e-01
5.830000000000000000e+02 6.338500000000000245e-01
5.840000000000000000e+02 6.594499999999999806e-01
5.850000000000000000e+02 6.848300000000000498e-01
5.860000000000000000e+02 7.079299999999999482e-01
5.870000000000000000e+02 7.315300000000000136e-01
5.880000000000000000e+02 7.558000000000000274e-01
5.890000000000000000e+02 7.796999999999999487e-01
5.900000000000000000e+02 8.024200000000000221e-01
5.910000000000000000e+02 8.229400000000000048e-01
5.920000000000000000e+02 8.416500000000000092e-01
5.930000000000000000e+02 8.587000000000000188e-01
5.940000000000000000e+02 8.764499999999999513e-01
5.950000000000000000e+02 8.954299999999999482e-01
5.960000000000000000e+02 9.144400000000000306e-01
5.970000000000000000e+02 9.298300000000000454e-01
5.980000000000000000e+02 9.434200000000000363e-01
5.990000000000000000e+02 9.551600000000000090e-01
6.000000000000000000e+02 9.654500000000000304e-01
6.010000000000000000e+02 9.726000000000000201e-01
6.020000000000000000e+02 9.805500000000000327e-01
6.030000000000000000e+02 9.901799999999999491e-01
6.040000000000000000e+02 9.957500000000000240e-01
6.050000000000000000e+02 9.998799999999999910e-01
6.060000000000000000e+02 1.000000000000000000e+00
6.070000000000000000e+02 9.977399999999999602e-01
6.080000000000000000e+02 9.978700000000000347e-01
6.090000000000000000e+02 9.988000000000000211e-01
6.100000000000000000e+02 9.970400000000000373e-01
6.110000000000000000e+02 9.935199999999999587e-01
6.120000000000000000e+02 9.906300000000000106e-01
6.130000000000000000e+02 9.873699999999999699e-01
6.140000000000000000e+02 9.824600000000000000e-01
6.150000000000000000e+02 9.755700000000000482e-01
6.160000000000000000e+02 9.701800000000000423e-01
6.170000000000000000e+02 9.620300000000000518e-01
6.180000000000000000e+02 9.547900000000000276e-01
6.190000000000000000e+02 9.484099999999999753e-01
6.200000000000000000e+02 9.392899999999999583e-01
6.210000000000000000e+02 9.279100000000000126e-01
6.220000000000000000e+02 9.197699999999999765e-01
6.230000000000000000e+02 9.109800000000000120e-01
6.240000000000000000e+02 9.007899999999999796e-01
6.250000000000000000e+02 8.922400000000000331e-01
6.260000000000000000e+02 8.814300000000000468e-01
6.270000000000000000e+02 8.684199999999999697e-01
6.280000000000000000e+02 8.557099999999999707e-01
6.290000000000000000e+02 8.445799999999999974e-01
6.300000000000000000e+02 8.354399999999999604e-01
6.310000000000000000e+02 8.220600000000000129e-01
6.320000000000000000e+02 8.114999999999999991e-01
6.330000000000000000e+02 8.014700000000000157e-01
6.340000000000000000e+02 7.888100000000000112e-01
6.350000000000000000e+02 7.788899999999999713e-01
6.360000000000000000e+02 7.696600000000000108e-01
6.370000000000000000e+02 7.578000000000000291e-01
6.380000000000000000e+02 7.486099999999999977e-01
6.390000000000000000e+02 7.399599999999999511e-01
6.400000000000000000e+02 7.298799999999999732e-01
6.410000000000000000e+02 7.184000000000000385e-01
6.420000000000000000e+02 7.076700000000000212e-01
6.430000000000000000e+02 6.981399999999999828e-01
6.440000000000000000e+02 6.894500000000000073e-01
6.450000000000000000e+02 6.809899999999999842e-01
6.460000000000000000e+02 6.710199999999999498e-01
6.470000000000000000e+02 6.592900000000000427e-01
6.480000000000000000e+02 6.514900000000000135e-01
6.490000000000000000e+02 6.422400000000000331e-01
6.500000000000000000e+02 6.312600000000000433e-01
6.510000000000000000e+02 6.215199999999999614e-01
6.520000000000000000e+02 6.104699999999999571e-01
6.530000000000000000e+02 5.990699999999999914e-01
6.540000000000000000e+02 5.911199999999999788e-01
6.550000000000000000e+02 5.826500000000000012e-01
6.560000000000000000e+02 5.736299999999999732e-01
6.570000000000000000e+02 5.609600000000000142e-01
6.580000000000000000e+02 5.487199999999999855e-01
6.590000000000000000e+02 5.388899999999999801e-01
6.600000000000000000e+02 5.327800000000000313e-01
6.610000000000000000e+02 5.222400000000000375e-01
6.620000000000000000e+02 5.116699999999999582e-01
6.630000000000000000e+02 5.030099999999999572e-01
6.640000000000000000e+02 4.941400000000000237e-01
6.650000000000000000e+02 4.853299999999999836e-01
6.660000000000000000e+02 4.742000000000000104e-01
6.670000000000000000e+02 4.661399999999999988e-01
6.680000000000000000e+02 4.590199999999999836e-01
6.690000000000000000e+02 4.483900000000000108e-01
6.700000000000000000e+02 4.395000000000000018e-01
6.710000000000000000e+02 4.291200000000000014e-01
6.720000000000000000e+02 4.193999999999999950e-01
6.730000000000000000e+02 4.120500000000000274e-01
6.740000000000000000e+02 4.031899999999999928e-01
6.750000000000000000e+02 3.955199999999999827e-01
6.760000000000000000e+02 3.882399999999999740e-01
6.770000000000000000e+02 3.792900000000000160e-01
6.780000000000000000e+02 3.695999999999999841e-01
6.790000000000000000e+02 3.611199999999999966e-01
6.800000000000000000e+02 3.528700000000000170e-01
6.810000000000000000e+02 3.460900000000000087e-01
6.820000000000000000e+02 3.365400000000000058e-01
6.830000000000000000e+02 3.291799999999999726e-01
6.840000000000000000e+02 3.235000000000000098e-01
6.850000000000000000e+02 3.193099999999999827e-01
6.860000000000000000e+02 3.109600000000000142e-01
6.870000000000000000e+02 3.006400000000000183e-01
6.880000000000000000e+02 2.926199999999999912e-01
6.890000000000000000e+02 2.855699999999999905e-01
6.900000000000000000e+02 2.783200000000000118e-01
6.910000000000000000e+02 2.725500000000000145e-01
6.920000000000000000e+02 2.653800000000000048e-01
6.930000000000000000e+02 2.582400000000000251e-01
6.940000000000000000e+02 2.537699999999999956e-01
6.950000000000000000e+02 2.461000000000000132e-01
6.960000000000000000e+02 2.392799999999999927e-01
6.970000000000000000e+02 2.353200000000000014e-01
6.980000000000000000e+02 2.318000000000000060e-01
6.990000000000000000e+02 2.270300000000000096e-01
7.000000000000000000e+02 2.221100000000000019e-01
7.010000000000000000e+02 2.147600000000000064e-01
7.020000000000000000e+02 2.089199999999999946e-01
7.030000000000000000e+02 2.032200000000000117e-01
7.040000000000000000e+02 1.951700000000000101e-01
7.050000000000000000e+02 1.903900000000000037e-01
7.060000000000000000e+02 1.885300000000000031e-01
7.070000000000000000e+02 1.836899999999999922e-01
7.080000000000000000e+02 1.768699999999999994e-01
7.090000000000000000e+02 1.694700000000000095e-01
7.100000000000000000e+02 1.650699999999999945e-01
7.110000000000000000e+02 1.637299999999999867e-01
7.120000000000000000e+02 1.621400000000000063e-01
7.130000000000000000e+02 1.590300000000000047e-01
7.140000000000000000e+02 1.534300000000000108e-01
7.150000000000000000e+02 1.474900000000000100e-01
7.160000000000000000e+02 1.420099999999999973e-01
7.170000000000000000e+02 1.387100000000000000e-01
7.180000000000000000e+02 1.368300000000000072e-01
7.190000000000000000e+02 1.313799999999999968e-01
7.200000000000000000e+02 1.279399999999999982e-01
7.210000000000000000e+02 1.256200000000000094e-01
7.220000000000000000e+02 1.216099999999999959e-01
7.230000000000000000e+02 1.163300000000000028e-01
7.240000000000000000e+02 1.138900000000000051e-01
7.250000000000000000e+02 1.122699999999999948e-01
7.260000000000000000e+02 1.098999999999999977e-01
7.270000000000000000e+02 1.063800000000000023e-01
7.280000000000000000e+02 1.014700000000000046e-01
7.290000000000000000e+02 9.822999999999999787e-02
7.300000000000000000e+02 9.400000000000000022e-02
7.310000000000000000e+02 8.945000000000000173e-02
7.320000000000000000e+02 8.667999999999999317e-02
7.330000000000000000e+02 8.490000000000000324e-02
7.340000000000000000e+02 8.248999999999999388e-02
7.350000000000000000e+02 8.162999999999999423e-02
7.360000000000000000e+02 8.108999999999999542e-02
7.370000000000000000e+02 7.625999999999999446e-02
7.380000000000000000e+02 7.241000000000000214e-02
7.390000000000000000e+02 7.080999999999999794e-02
7.400000000000000000e+02 6.904000000000000414e-02
7.410000000000000000e+02 6.569999999999999452e-02
7.420000000000000000e+02 6.378000000000000336e-02
7.430000000000000000e+02 6.147999999999999993e-02
7.440000000000000000e+02 6.208999999999999936e-02
7.450000000000000000e+02 6.378999999999999948e-02
7.460000000000000000e+02 6.072999999999999926e-02
7.470000000000000000e+02 5.693000000000000144e-02
7.480000000000000000e+02 5.160000000000000003e-02
7.490000000000000000e+02 4.981000000000000011e-02
7.500000000000000000e+02 5.317999999999999811e-02
7.510000000000000000e+02 5.371999999999999692e-02
7.520000000000000000e+02 5.351000000000000201e-02
7.530000000000000000e+02 5.208999999999999742e-02
7.540000000000000000e+02 5.185000000000000026e-02
7.550000000000000000e+02 5.043999999999999873e-02
7.560000000000000000e+02 4.324000000000000066e-02
7.570000000000000000e+02 3.506999999999999701e-02
7.580000000000000000e+02 3.123000000000000081e-02
7.590000000000000000e+02 3.631999999999999812e-02
7.600000000000000000e+02 4.200000000000000261e-02
7.610000000000000000e+02 3.844999999999999807e-02
7.620000000000000000e+02 3.357000000000000262e-02
7.630000000000000000e+02 3.364999999999999936e-02
7.640000000000000000e+02 3.116999999999999979e-02
7.650000000000000000e+02 2.562000000000000041e-02
7.660000000000000000e+02 2.204000000000000056e-02
7.670000000000000000e+02 2.164999999999999911e-02
7.680000000000000000e+02 2.132999999999999827e-02
7.690000000000000000e+02 1.895000000000000157e-02
7.700000000000000000e+02 1.716000000000000164e-02
7.710000000000000000e+02 1.585999999999999910e-02
7.720000000000000000e+02 1.361000000000000057e-02
7.730000000000000000e+02 1.099999999999999936e-02
7.740000000000000000e+02 1.067000000000000066e-02
7.750000000000000000e+02 1.425000000000000051e-02
7.760000000000000000e+02 1.760000000000000106e-02
7.770000000000000000e+02 1.627999999999999933e-02
7.780000000000000000e+02 1.654999999999999874e-02
7.790000000000000000e+02 1.798999999999999905e-02
7.800000000000000000e+02 1.535000000000000080e-02
7.810000000000000000e+02 1.081000000000000016e-02
7.820000000000000000e+02 7.450000000000000025e-03
7.830000000000000000e+02 4.409999999999999858e-03
7.840000000000000000e+02 1.193650000000000066e-04
7.850000000000000000e+02 1.240000000000000000e-03
7.860000000000000000e+02 9.308450000000000231e-04
7.870000000000000000e+02 -4.329999999999999648e-03
7.880000000000000000e+02 -4.939999999999999947e-03
7.890000000000000000e+02 7.239999999999999908e-03
7.900000000000000000e+02 1.180999999999999932e-02
7.910000000000000000e+02 2.239999999999999804e-03
7.920000000000000000e+02 1.350000000000000071e-03
7.930000000000000000e+02 7.590000000000000392e-03
7.940000000000000000e+02 9.939999999999999183e-03
7.950000000000000000e+02 1.274999999999999918e-02
7.960000000000000000e+02 1.395000000000000059e-02
7.970000000000000000e+02 1.286999999999999950e-02
7.980000000000000000e+02 -1.465260000000000130e-04
7.990000000000000000e+02 -1.478999999999999933e-02
